0 0.3802083333333333 0.4444444444444445 0.025 0.0925925925925926
0 0.6317708333333333 0.7916666666666667 0.02395833333333333 0.11666666666666667
0 0.7177083333333333 0.4935185185185185 0.01875 0.07962962962962963
0 0.453125 0.32407407407407407 0.01875 0.07777777777777778
0 0.4901041666666667 0.3277777777777778 0.02395833333333333 0.06666666666666667
0 0.4734375 0.2064814814814815 0.026041666666666668 0.061111111111111116
0 0.6703125 0.287962962962963 0.015625 0.06851851851851852
0 0.7125 0.22592592592592595 0.0125 0.06296296296296297
0 0.8640625 0.29444444444444445 0.015625 0.05925925925925926
0 0.8729166666666667 0.46851851851851856 0.016666666666666666 0.08888888888888889
0 0.9276041666666667 0.6555555555555556 0.026041666666666668 0.11111111111111112
0 0.9854166666666666 0.48240740740740745 0.020833333333333332 0.09444444444444444
0 0.421875 0.13796296296296298 0.014583333333333334 0.0462962962962963
0 0.37916666666666665 0.4444444444444445 0.025 0.0925925925925926
0 0.6307291666666667 0.7731481481481481 0.02395833333333333 0.11666666666666667
0 0.6880208333333333 0.4953703703703704 0.02395833333333333 0.07962962962962963
0 0.453125 0.32407407407407407 0.01875 0.07777777777777778
0 0.49114583333333334 0.32962962962962966 0.021875 0.06666666666666667
0 0.46510416666666665 0.2064814814814815 0.026041666666666668 0.061111111111111116
0 0.6651041666666666 0.287962962962963 0.015625 0.06851851851851852
0 0.709375 0.21851851851851853 0.0125 0.06296296296296297
0 0.8630208333333333 0.2953703703703704 0.015625 0.061111111111111116
0 0.86875 0.46851851851851856 0.016666666666666666 0.08888888888888889
0 0.9276041666666667 0.6555555555555556 0.026041666666666668 0.11111111111111112
0 0.975 0.47870370370370374 0.020833333333333332 0.09444444444444444
0 0.421875 0.13796296296296298 0.014583333333333334 0.0462962962962963
0 0.37916666666666665 0.4444444444444445 0.025 0.0925925925925926
0 0.6307291666666667 0.7712962962962964 0.02395833333333333 0.11666666666666667
0 0.6786458333333333 0.4953703703703704 0.02395833333333333 0.07962962962962963
0 0.453125 0.32592592592592595 0.01875 0.07777777777777778
0 0.490625 0.32962962962962966 0.020833333333333332 0.06666666666666667
0 0.46510416666666665 0.2064814814814815 0.019791666666666666 0.061111111111111116
0 0.6640625 0.287962962962963 0.015625 0.06851851851851852
0 0.7052083333333333 0.21851851851851853 0.0125 0.06296296296296297
0 0.8630208333333333 0.2953703703703704 0.015625 0.061111111111111116
0 0.8677083333333333 0.46851851851851856 0.016666666666666666 0.08888888888888889
0 0.9276041666666667 0.6555555555555556 0.026041666666666668 0.11111111111111112
0 0.9708333333333333 0.47870370370370374 0.020833333333333332 0.09444444444444444
0 0.421875 0.13796296296296298 0.014583333333333334 0.0462962962962963
